"","EV1","EV2","EV3","EV4","EV5","EV6","EV7","EV8","EV9","EV10","popCHB","popFIN","popGBR","popIBS","popTSI","popYRI","genderMale"
"1",0.0390574110450666,-0.385555875916818,-0.376796881266671,-0.224343879400145,0.141607805068608,-0.109975101385291,0.107206612112556,-0.00766885428595639,0.315796946682398,0.0831608446799607,0,0,1,0,0,0,1
"2",0.149765456464389,-0.332474655109106,0.337462635675709,0.070442272724084,0.173265080863892,-0.138852109704488,-0.186695216581347,0.367632339141176,-0.0974077794480337,-0.176599028214843,0,0,1,0,0,0,0
"3",0.0251587437465768,-0.161555296315664,0.124827912605709,-0.00552421942560926,-0.154804998244484,-0.0517883785282269,0.0783609328187015,-0.0979648344385766,-0.106233074163166,0.0628429681852392,0,0,1,0,0,0,0
"4",-0.00882980058878929,-0.206422739809513,0.0840789235569629,0.0906409278006727,0.0853167635881019,0.166601803439875,-0.0879005493439886,-0.143202853925704,0.157817566467582,0.174699791334343,0,0,1,0,0,0,0
"5",0.0449994372759203,-0.123931451680956,0.0971410873179086,0.517325903571243,-0.149795306197465,-0.199253838049868,-0.164618624372387,-0.469414489624581,-0.104742829984884,-0.0844413550224266,0,0,1,0,0,0,1
"6",0.0155939690793644,-0.260116829232492,0.00813873489714509,0.0526304942423781,-0.00198960380545694,0.0559638205132665,-0.0938302690515966,0.197911501529933,0.102549993000318,-0.087137531806,0,0,1,0,0,0,0
"7",0.0108717735951553,-0.373051811383849,-0.0256150205978289,-0.0748443147497313,-0.146553754140847,0.116106995691292,0.0342513656775144,-0.0097964176505979,0.00562399152637543,-0.122848525563294,0,0,1,0,0,0,1
"8",0.0425345918210302,-0.293961346069739,0.0189586959472485,-0.0958952087811069,0.0589685382862212,-0.0932148543723181,0.0890385861951715,-0.00308168607294254,-0.0600709836794807,0.0415155984053237,0,0,1,0,0,0,1
"9",0.010072927933837,-0.173016641418229,-0.0430078724693347,0.0470667819607685,-0.116947440171125,0.0770986418567838,0.0535445156234458,-0.00351365335029744,-0.112258104337072,-0.0872174329164207,0,0,1,0,0,0,0
"10",0.0387693426354273,-0.232144974284133,0.0653986221881108,-0.0475748550465899,-0.0241022228092792,-0.00601097192189361,0.040191307495219,-0.00955621674203829,-0.138389070258035,0.20464779189823,0,0,1,0,0,0,1
"11",-0.144812163370681,0.00745180660665153,-0.0547563000062076,-0.171701544701913,-0.074756310893522,-0.0572504236138435,-0.18935625987017,0.0044281576157355,-0.0147105378919081,-0.193562481996583,0,1,0,0,0,0,0
"12",-0.0546111072620681,0.00264456153598937,-0.1312280915479,-0.115555437568497,-0.00603026538568217,-0.0597858352040223,-0.0893682525193399,-0.00485240308867609,0.0351672494626807,-0.00765235154026777,0,1,0,0,0,0,0
"13",-0.0442052619005213,-0.015179200111671,0.0569034255427452,-0.0668792634867317,-0.046064858615619,0.0409661710274516,0.0476172718956355,-0.110255638110318,0.0613862518248952,-0.176602069719931,0,1,0,0,0,0,0
"14",-0.0499350287055608,0.0499834956762949,0.0281627095793038,-0.090380907330543,0.0397035096483155,-0.016173855698117,-0.0194699798181537,0.00923019051788585,0.0248399852089592,-0.113584840599662,0,1,0,0,0,0,0
"15",-0.0539132779036238,0.0224581254467295,-0.035136735219377,-0.017267718249279,0.0300472794170128,0.0183806367478899,-0.0290711566820514,-0.0419193062248567,-0.0408687365931024,-0.00750029485395977,0,1,0,0,0,0,0
"16",-0.0601647572866633,-0.0111386115708112,-0.127055501550977,0.109299208394901,-0.129967118481967,0.0823691666925207,-0.121263793562911,0.0209891066626151,0.25437856071363,-0.0375999170211868,0,1,0,0,0,0,0
"17",-0.0466961946429729,0.0834674923806068,0.120725562601803,0.0946665985715406,0.0339930590151439,0.0309127896447732,0.0200209581522888,-0.0604733142003649,0.0488242790860321,0.0368022956756895,0,1,0,0,0,0,0
"18",-0.0573213636249779,0.0119752955090318,-0.0064742712057568,0.00377141820677021,-0.040917899903407,0.0373693288502381,0.0325774996209845,0.0114044117657894,0.0159231644710787,-0.111816666768356,0,1,0,0,0,0,0
"19",-0.031641485781162,0.03161685616857,-0.177135473856009,0.0230746498585662,-0.11173732596971,0.0202054727206376,-0.0597383738911665,-0.141909356935116,0.0887048210432655,-0.0320028450347628,0,1,0,0,0,0,1
"20",-0.0566909333856349,-0.0163622742891035,0.0648879069509958,0.0580993598774287,-0.0640746481842889,0.064687006421771,-0.0554510061357046,0.0948927634087163,0.00652892423545321,0.121594305140799,0,1,0,0,0,0,1
"21",-0.0742839115133405,0.0683810202922752,0.113405433650152,-0.0540405415939366,-0.0290042739135408,-0.0793185568792635,0.0230866941482782,0.0600615739953022,-0.0983599189092987,0.00546968839748451,0,0,0,1,0,0,1
"22",-0.0214341208556173,-0.0708435787397412,-0.17655246731865,-0.0413892339597575,-0.0268128451256292,-0.143762928952024,-0.0833886345480087,0.0637528134329594,-0.0611146723874618,0.025194895115302,0,0,0,1,0,0,0
"23",-0.109712698221205,0.0235853907943748,0.132818001760478,-0.278099271339249,0.196525807019381,-0.0817266522807524,0.0662755642568403,-0.0477432259534214,-0.0519272209896873,-0.048389284096927,0,0,0,1,0,0,1
"24",-0.0334724851467648,-0.0145862687944142,-0.0112186472365182,0.0384164052576175,-0.35935680890465,0.0828817361110991,0.142812025888511,0.064007382574033,0.0865308728218557,-0.146576631771953,0,0,0,1,0,0,0
"25",-0.028459043470973,0.0553886947778077,-0.0153552541981612,-0.0284356665248164,-0.0244526370088124,0.00088579896167159,-0.0893592373126889,0.0662692280194365,0.0546261589859865,-0.0592520159097322,0,0,0,1,0,0,1
"26",-0.0595607165585881,0.036934765646868,-0.139422264966166,-0.0937507267084952,-0.111245080219264,0.159472062826963,-0.142084984841367,0.134921420682092,-0.104066395369306,0.0813078613057724,0,0,0,1,0,0,0
"27",-0.110739127738416,0.0419528081686519,0.109442152332229,-0.00733010865586963,0.0159829478702474,-0.0374679319635978,0.059454560301178,-0.0393250171673055,-0.00256886294365746,-0.0652264984164898,0,0,0,1,0,0,1
"28",-0.0747634747181182,0.0680047647756211,-0.0318954880612524,0.117249476227526,-0.0726550017328025,-0.0444640013521157,0.208682656856894,0.0993714708821402,0.0242407327972369,-0.00490255617446881,0,0,0,1,0,0,0
"29",-0.0753926838026913,-0.00524182316842389,-0.221480642171682,0.112466879061367,0.29158093065863,-0.0242234068059396,0.0946968205919441,-0.0207640971790401,-0.145845636394853,-0.0800140849072057,0,0,0,1,0,0,1
"30",-0.0284692396842387,0.0374353971871026,0.0134951390998485,0.215732628954401,0.198671578504189,0.075012248820155,0.106436570597588,0.15489254709756,0.0509560137120983,-0.00917193725662591,0,0,0,1,0,0,0
"31",-0.0147521903877684,0.00739308351046035,0.102225646370028,-0.000189927265853494,-0.231324625689837,0.0716048127725507,0.417023380324608,0.0486328240865332,-0.0594056150435713,0.0707731452678576,0,0,0,0,0,0,1
"32",-0.00955747697232297,0.102078292077843,-0.115711859468579,-0.0606576069714487,0.077404496888593,0.0812890621830092,0.0859251891848759,-0.108526337099555,0.0607222238453549,-0.00922762294041525,0,0,0,0,0,0,0
"33",-0.0164598147624856,0.0125365684582174,0.00906122839364535,-7.33120181192893e-05,-0.054988113616186,0.0406105789475626,-0.108339067570589,-0.0734742385101252,0.0357480044795451,0.146726165269441,0,0,0,0,0,0,1
"34",-0.0883379100417701,0.0451504826450479,-0.112748628705576,0.168295747606513,0.233115883404342,-0.117813354901918,0.063938826901113,0.105464374147315,0.215539947471196,-0.0500586333837073,0,0,0,0,0,0,0
"35",-0.0406238200823117,0.0908851659787909,-0.0188824359297391,-0.0286584809868414,-0.146050166927356,0.211893906437023,-0.0987010369753768,0.196432060435847,0.0377226395049517,0.0717631051034295,0,0,0,0,0,0,1
"36",-0.123448572516635,0.0843213262476196,-0.124578413616489,0.0698291959996219,0.0737909369592373,-0.204235201018069,-0.0832551372610176,0.0585368727964724,-0.122162639261065,0.0744539911664602,0,0,0,0,0,0,0
"37",-0.0606316550566058,0.066421228397785,-0.27036563723224,0.161199174990122,0.0156247795403673,-0.134341837268967,0.129419782804612,-0.0294904311566382,-0.136422028625764,-0.235705593445022,0,0,0,0,0,0,0
"38",-0.0633722505239304,0.102870362629548,0.124970070217349,-0.0732851128703869,0.0359005441435655,-0.0510314354436595,-0.0878620508331554,0.0265945232165778,-0.0847910463801116,0.0716324709100827,0,0,0,0,0,0,1
"39",-0.0325162479930443,0.0673839112692161,0.0132700048504069,-0.0487723405180712,0.0813905565432515,-0.0741928945243875,-0.07856413560648,-0.0254224269605799,-0.121323267444786,0.143587925960503,0,0,0,0,0,0,1
"40",-0.034747964774893,0.0551831845792417,0.0944892657843815,-0.102677404296035,0.0457664222937753,-0.0236677407584389,-0.0325598835522736,-0.131163500495006,0.0093620649278205,-0.139041545073631,0,0,0,0,0,0,0
"41",-0.039621830932959,-0.0139328855660492,0.0045076328728631,0.125460552453136,-0.0794239006308178,0.0476228570430692,0.0397750762815221,-0.0969439352988572,0.022230360683342,0.0213598608035714,0,0,0,0,0,1,1
"42",-0.0767429122666479,-0.00765545426769809,0.0959209117921732,-0.0127974312519906,0.0413627461369407,0.150202634810348,0.0598749965382263,-0.0434237684119749,-0.0153544576420052,-0.0411039565289338,0,0,0,0,0,1,0
"43",-0.0493977965587817,0.0945259392780213,0.150503139784738,0.0784950912616796,0.197764102161171,-0.138165334292272,-0.0891401965887996,0.0424150499166535,0.0118106504272674,-0.132826249188603,0,0,0,0,0,1,0
"44",-0.106069765558774,0.00419217291543765,0.00612591996245897,-0.0454271269175638,-0.0958599802654714,-0.104154024419861,0.00170127964675818,0.104649148442449,-0.100328556896541,0.0350235614585449,0,0,0,0,0,1,1
"45",-0.0718708336880085,0.000176584690222845,0.127881312528835,-0.0791903656144656,0.0295082389087289,-0.0320475896886147,-0.0930644216586211,-0.068119632786703,0.131153135928598,0.146757441037069,0,0,0,0,0,1,0
"46",-0.0366148476794311,-0.0522704706406169,-0.143366915667775,-0.165876986331153,0.0920821049036324,-0.0607384804886664,0.289620449429231,-0.206054608779576,0.00531014418180548,0.136809223454349,0,0,0,0,0,1,1
"47",-0.0880184496337994,0.203421629658243,0.170425088456468,-0.121511427669572,-0.141512383220663,-0.289052407228928,0.181271952963088,0.137270289332984,0.21876441573315,0.138261779919778,0,0,0,0,0,1,0
"48",-0.0545222556934777,0.0723348921189488,-0.0771864232343048,0.115055961951784,0.02527422204532,0.0343665488489383,0.0189745014219105,0.0481047895779496,-0.0135267274759085,0.241029629756556,0,0,0,0,0,1,1
"49",-0.0404249400242339,0.0901318125936157,-0.0537886402966947,0.160418572620693,0.131297836219693,0.133371520505026,0.0568146929459973,0.119790438002273,0.0429155511194763,0.00617241100235503,0,0,0,0,0,1,0
"50",-0.103549466705058,0.0207113198075958,-0.0649110818122544,-0.0236397942041721,-0.126150066914609,-0.230271341293775,-0.383216272166402,-0.0156858484674823,0.131291393675785,0.167261266865682,0,0,0,0,0,1,1
"51",0.23119689826584,0.1042197229979,0.0359602085970498,0.0568450642419824,0.203774493797635,0.0481642057396317,-0.0124243919125628,0.0804538785553626,0.0391404314536296,0.0708763973540141,1,0,0,0,0,0,0
"52",0.251750813214141,0.156348962261472,-0.0779275921408677,0.0324981453369478,-0.155458874119781,0.0484457182874999,0.00321055437265805,0.122557786051175,0.151933885631374,-0.111907370224634,1,0,0,0,0,0,0
"53",0.233332494337758,-0.00268351348802802,-0.127324146473109,-0.0937632012126711,0.148976000368469,0.0691026893254988,0.044686839547057,-0.0687110977500891,-0.458174517183975,-0.0529295340493803,1,0,0,0,0,0,0
"54",0.228417227001731,0.131791424499102,-0.109357093711832,0.114858300988141,0.00853847545135778,0.0324818168600151,0.00980752323907566,-0.145295294633875,0.061634485499989,-0.0849269458009834,1,0,0,0,0,0,1
"55",0.265253255635611,0.00990043609331343,0.0732844133322836,0.0184059122137739,-0.0862826055865372,-0.200622675046572,0.0926187108088866,0.0675587680805091,0.123420754065601,-0.0504061056354962,1,0,0,0,0,0,0
"56",0.327281853051881,0.0705156424039629,0.115945006447403,0.0529383842158031,0.0427678546072091,-0.0611577881844875,0.0461583220135756,0.0487245657928982,0.0319488888877867,0.173204971066691,1,0,0,0,0,0,0
"57",0.316163940305899,0.102509125070293,-0.0387034943348805,-0.166943833097045,-0.0542902773881409,0.264704178329536,-0.193774011158361,-0.0758739355325777,-0.101591275140593,0.244944654348849,1,0,0,0,0,0,0
"58",0.337448460766525,0.180511748773369,-0.016652753859035,-0.248539805181491,-0.0953281425086195,-0.161065851227483,-0.0459585434033158,-0.0574776575362458,0.0407280192152303,-0.373896377999666,1,0,0,0,0,0,1
"59",0.252136736053695,0.0215884247938367,-0.0561748315120574,0.11096313893529,0.0528044067437673,-0.045645521002933,0.0565867784486376,0.0657530448768368,0.00221802970440157,0.182512627089464,1,0,0,0,0,0,0
"60",0.234714749733856,0.00820701949188288,0.0282504181560061,0.0198216070747306,0.0112612560524634,-0.0734553851408308,0.0193646791630783,-0.0740149694227234,0.0980875928211177,0.0988043899337415,1,0,0,0,0,0,1
"61",-0.0206847406097419,0.0389761995029896,-0.0621665344948628,0.00244228276645577,-0.0382869308682482,0.222709466266516,0.0175605503804392,0.0204994848225058,-0.0867538983487291,-0.0064800373988005,0,0,0,0,1,0,0
"62",-0.05311575521588,0.0200631712694035,-0.0750994945241623,0.089998985182396,-0.236452265480143,-0.101888208116663,0.0267634103965361,0.174220865875713,-0.308935397132889,0.0683356116695598,0,0,0,0,1,0,0
"63",-0.07596531402266,0.0319436638514555,0.145912302537139,-0.0667165326470115,0.00441695694211583,0.219703885257353,-0.0438988503558769,-0.119099602880292,-0.0421221233987335,-0.115795865979081,0,0,0,0,1,0,0
"64",-0.0776629173949132,-0.0222617876460991,0.267255032748389,-0.0826779448761885,0.00338358536507677,0.0405701489013324,0.218178457698475,-0.129469453249436,0.0128585968796533,-0.00347537353904836,0,0,0,0,1,0,0
"65",-0.0918462843462677,0.00100597448867364,0.0363547242622931,-0.0634576801499204,-0.0498857316599503,-0.0267742353830339,-0.104089352481022,0.0809174616587558,-0.0850118030279035,-0.000526984847937485,0,0,0,0,1,0,0
"66",-0.0648821647460726,-0.0344931952823814,-0.051661926477463,0.0566466547435361,0.0442097621162503,0.158066129010426,-0.147925537745665,-0.0441944850346289,0.0354125850690577,-0.0611761735500519,0,0,0,0,1,0,0
"67",-0.00578828121967507,0.0379253484309733,0.163603189794843,-0.104349798964825,0.162139430010459,0.195210352815397,-0.0698377299270487,-0.187951145867889,0.162985899135915,-0.125119516759997,0,0,0,0,1,0,0
"68",-0.0695497817739365,0.045569619437826,0.018731095290579,0.120585265530508,0.128758901865591,0.276177765354729,0.0558696958034967,0.218051880556816,0.011829273566826,-0.0891746749907637,0,0,0,0,1,0,1
"69",-0.0844380312954842,0.108712661285266,-0.0808516846601844,-0.143341426857117,0.0615034058483643,-0.0448856013740535,-0.0942246726988861,-0.0354787026561678,-0.171192667230874,0.00721202554769082,0,0,0,0,1,0,1
"70",-0.134196933323523,0.0780931083113896,0.0900669439389193,0.0399193946018315,0.0640817653267951,-0.0567362045064713,0.0390320378797237,-0.169080576070782,0.016995357634675,0.181138215803411,0,0,0,0,1,0,1
